Jessica   -----  ----     ------  ----  ---
Andrea    - -----  -----   ---     ----- --
Kristin   -  ----   ---  --- --------  ----
Trevor        ----  ----     ----         ---
Jonathan         ---  --  --------  --------
Rachel    -    -     ---   --- ---    --------

0           4        7
                     7
      2              7
      2              7           11
      2              7     9     11
      2        5     7     9     11
      2              7     9     11
   1        4        7     9
   1        4
   1        4              9
            4              9
   1        4              9
   1        4     6        9
   1        4     6        9

                              10
         3           7        10
   1     3           7        10
   1     3           7        10
   1     3     5     7        10
   1     3     5     7        10
   1     3     5     7  8     10
   1     3     5        8     10
   1     3              8     10
   1
   1              6
   1              6           10
   1              6           10
                  6           10
         3        6           10
         3                    10
         3           7        10
         3     5     7        10
               5              10
               5              10
                              10


Number of different chords:  27
2 (1, 3, 7, 10)
2 (1, 6, 10)
2 (1, 4, 6, 9)
2 ()
2 (2, 7, 9, 11)
2 (10,)
2 (1, 3, 5, 7, 10)
2 (5, 10)
2 (1, 4, 9)
2 (3, 7, 10)
1 (3, 6, 10)
1 (7,)
1 (1, 6)
1 (2, 5, 7, 9, 11)
1 (4, 9)
1 (3, 5, 7, 10)
1 (1,)
1 (3, 10)
1 (6, 10)
1 (1, 3, 8, 10)
1 (1, 3, 5, 7, 8, 10)
1 (1, 4)
1 (2, 7, 11)
1 (1, 3, 5, 8, 10)
1 (2, 7)
1 (1, 4, 7, 9)
1 (0, 4, 7)

Number of different chord types:  15
8     (0, 4, 7)
6     (0, 5)
4     (0,)
3     (0, 2, 4, 7, 10)
3     (0, 2, 4, 7)
3     (0, 4, 7, 10)
2     (0, 3, 7, 10)
1     (0, 3, 5, 7, 10)
1     (0, 2, 5, 7)
1     (0, 2, 4, 5, 7, 10)
1     (0, 5, 7, 10)
1     (0, 4)
1     (0, 3)
1     (0, 3, 7)
1     (0, 2, 5, 7, 10)

Jessica     Andrea      Kristin     Trevor      Jonathan    Rachel
7           0           4                                   0 7
7
7           2
7           2           11
7           2           11          7 9
            2           11          7 9                     5
            2           11          7 9
4                                   7 9         1 4
4                                               1 4
4           9                                   1 4
4           9           4           4 9
            9           4           4 9                     1
            9           4           4 9         6 9         1
            9                       4 9         6 9         1

                        10
7                       10                      3 10
7           3           10                      3 10        1
7           3                                   3 10        1
7           3           1           5           3 10        1
7                       1           5           3 10
7                       1           5           3 10        1 8
                        1           5           3 10        1 8
                        1                       3 10        1 8
1                       1
1           6           1
1           6           1                       10
1           6                                   10
            6                                   10          10
            6           3                       10          10
10                      3                       10          10
10          7           3                       10          10
10          7           3           5           10          10
                                    5           10          10
                                    5                       10
                                                            10


Density
4 12
3 10
2 4
5 4
1 3
0 2
6 2